

#################################################################################################################
                                     Instance Name           Movement (microns)        Orig Loc        New Loc
#################################################################################################################
                      U7_banc_rc_gclk_14002__L1_I0               78.09       (226.17, 173.85)       (245.7, 115.29)
                      U7_banc_rc_gclk_14005__L1_I0                73.2       (190.89, 173.85)       (190.89, 247.05)
                      U7_banc_rc_gclk_14041__L3_I0               61.58       (167.58, 183.61)       (110.88, 178.73)
                      U7_banc_rc_gclk_14053__L3_I0               56.69       (167.58, 159.21)       (130.41, 139.69)
                      U7_banc_rc_gclk_14011__L1_I0               54.79       (190.89, 173.85)       (206.64, 212.89)
                      U7_banc_rc_gclk_14008__L1_I0                53.7       (226.17, 178.73)       (265.23, 193.37)
                      U7_banc_rc_gclk_14020__L3_I0                53.7       (169.47, 183.61)       (130.41, 198.25)
                      U7_banc_rc_gclk_13999__L1_I0               53.69       (171.36, 183.61)       (190.89, 217.77)
                      U7_banc_rc_gclk_13975__L3_I0               53.68       (169.47, 183.61)       (169.47, 237.29)
                                     U7_banc_g6001               51.65       (210.42, 154.33)       (242.55, 134.81)
                      U7_banc_rc_gclk_14056__L1_I0               49.91       (229.95, 178.73)       (245.7, 144.57)
                      U7_banc_rc_gclk_13993__L1_I0               48.81       (226.17, 178.73)       (245.7, 208.01)
                                     U7_banc_g6016               44.87       (189.63, 154.33)       (178.92, 120.17)
                      U7_banc_rc_gclk_14047__L3_I0               43.93       (228.06, 173.85)       (208.53, 149.45)
                                     U7_banc_g5975               41.41       (187.11, 144.57)       (170.1, 120.17)
                                     U7_banc_g6244                41.1       (195.3, 139.69)       (168.84, 125.05)
                                     U7_banc_g6238               40.78       (200.34, 129.93)       (183.96, 105.53)
                            U7_banc_rc_gclk__L3_I0               39.06       (169.47, 183.61)       (130.41, 183.61)
                      U7_banc_rc_gclk_13987__L1_I0               39.06       (206.64, 212.89)       (245.7, 212.89)
                      U7_banc_rc_gclk_14050__L3_I0               39.04       (167.58, 183.61)       (167.58, 222.65)
                      U7_banc_RC_CG_HIER_INST30/g7               38.57       (178.92, 149.45)       (183.33, 115.29)
                      U7_banc_rc_gclk_13984__L3_I0               37.16       (228.06, 178.73)       (245.7, 198.25)
                      U7_banc_rc_gclk_14029__L3_I0               37.16       (226.17, 173.85)       (208.53, 154.33)
                                    U7_banc_g32194               37.01       (137.34, 183.61)       (105.21, 178.73)
                      U7_banc_rc_gclk_13984__L1_I0               36.53       (226.17, 188.49)       (243.18, 208.01)
                      U7_banc_RC_CG_HIER_INST16/g7               35.27       (223.02, 149.45)       (238.77, 129.93)
                                     U7_banc_g6012               34.96       (217.35, 154.33)       (242.55, 144.57)
                      U7_banc_rc_gclk_14035__L3_I0               34.17       (228.06, 173.85)       (208.53, 159.21)
                                     U7_banc_g5997               33.85       (190.89, 144.57)       (181.44, 120.17)
                      U7_banc_rc_gclk_13984__L2_I0               33.69       (226.17, 178.73)       (221.76, 208.01)
                      U7_banc_rc_gclk_14038__L3_I0               33.54       (168.21, 159.21)       (187.11, 144.57)
                      U7_banc_RC_CG_HIER_INST20/g7               33.54       (223.02, 168.97)       (241.92, 154.33)
                                     U7_banc_g6248               32.75       (221.76, 154.33)       (234.99, 134.81)
                                     U7_banc_g5985               32.43       (214.2, 164.09)       (217.35, 134.81)
                                     U7_banc_g6250               31.49       (228.69, 159.21)       (240.66, 139.69)
                      U7_banc_rc_gclk_14050__L1_I0               31.49       (170.73, 154.33)       (182.7, 134.81)
                                     U7_banc_g5979               31.33       (180.18, 144.57)       (187.11, 120.17)
                                     U7_banc_g6010               30.86       (214.83, 149.45)       (226.17, 129.93)
                      U7_banc_rc_gclk_13981__L2_I0               30.39       (229.95, 168.97)       (245.7, 183.61)
                      U7_banc_RC_CG_HIER_INST17/g7               29.92       (212.94, 193.37)       (192.78, 203.13)
                                     U7_banc_g5991               29.76       (213.57, 144.57)       (228.69, 129.93)
                                     U7_banc_g6258               29.76       (219.87, 159.21)       (234.99, 144.57)
                      U7_banc_rc_gclk_13978__L1_I0               29.28       (171.36, 183.61)       (171.36, 154.33)
                                     U7_banc_g5999               28.97       (190.89, 149.45)       (181.44, 129.93)
                      U7_banc_RC_CG_HIER_INST26/g7               28.81       (178.92, 173.85)       (183.33, 149.45)
                      U7_banc_rc_gclk_14032__L3_I0               28.66       (168.21, 159.21)       (187.11, 149.45)
                                     U7_banc_g5998                28.5       (178.29, 154.33)       (192.15, 139.69)
                                     U7_banc_g6000                28.5       (213.57, 173.85)       (199.71, 159.21)
                                    U7_banc_g32313               28.35       (255.15, 164.09)       (226.8, 164.09)
                      U7_banc_RC_CG_HIER_INST35/g7               28.03       (223.02, 139.69)       (241.29, 129.93)
                                    U7_banc_g31474               27.56       (235.62, 173.85)       (212.94, 178.73)
                                    U7_banc_g32224               27.55       (175.14, 154.33)       (178.29, 129.93)
                                     U7_banc_g5987               27.24       (197.19, 178.73)       (209.79, 193.37)
                                    U7_banc_g32331                26.3       (253.89, 164.09)       (232.47, 168.97)
                                    U7_banc_g34502                26.3       (238.77, 198.25)       (260.19, 203.13)
                                     U7_banc_g6007               25.82       (198.45, 149.45)       (204.75, 129.93)
                                     U7_banc_g5996               25.66       (181.44, 149.45)       (182.7, 125.05)
                                     U7_banc_g5983               25.66       (211.68, 178.73)       (210.42, 203.13)
                                     U7_banc_g6017               25.35       (187.74, 154.33)       (198.45, 139.69)
                      U7_banc_RC_CG_HIER_INST21/g7               25.35       (195.93, 173.85)       (206.64, 188.49)
                                    U7_banc_g31109                25.2       (220.5, 120.17)       (245.7, 120.17)
                                     U7_banc_g6255               24.88       (178.29, 183.61)       (163.17, 173.85)
                                     U7_banc_g5977               24.56       (178.92, 139.69)       (173.88, 120.17)
                      U7_banc_rc_gclk_14044__L3_I0               24.41       (206.64, 212.89)       (226.17, 208.01)
                      U7_banc_rc_gclk_14059__L3_I0                24.4       (167.58, 183.61)       (167.58, 159.21)
                      U7_banc_RC_CG_HIER_INST14/g7                24.4       (210.42, 193.37)       (210.42, 217.77)
                      U7_banc_rc_gclk_14026__L3_I0                24.4       (228.06, 173.85)       (228.06, 198.25)
                                     U7_banc_g5993                24.4       (187.74, 139.69)       (187.74, 115.29)
                                     U7_banc_g6223                24.4       (206.64, 129.93)       (206.64, 105.53)
                                    U7_banc_g32002               23.78       (240.03, 212.89)       (258.93, 217.77)
                      U7_banc_rc_gclk_14014__L3_I0               23.78       (168.21, 159.21)       (187.11, 154.33)
                                     U7_banc_g6018                23.3       (210.42, 159.21)       (206.64, 178.73)
                                     U7_banc_g5994                23.3       (178.92, 129.93)       (182.7, 110.41)
                      U7_banc_RC_CG_HIER_INST33/g7               22.83       (198.45, 159.21)       (206.64, 144.57)
                                       U3_di_g7215               22.68       (619.92, 149.45)       (642.6, 149.45)
                         U2_ei_rc_gclk_1264__L2_I0               22.52       (618.66, 144.57)       (636.3, 149.45)
                      U7_banc_RC_CG_HIER_INST39/g7               22.36       (210.42, 129.93)       (223.02, 139.69)
                      U7_banc_rc_gclk_14014__L1_I0                22.2       (170.73, 154.33)       (178.29, 139.69)
                      U7_banc_rc_gclk_14014__L2_I0                22.2       (170.73, 154.33)       (163.17, 139.69)
                                    U7_banc_g31280                22.2       (178.29, 237.29)       (170.73, 251.93)
                       U7_banc_RC_CG_HIER_INST9/g7               21.89       (228.69, 168.97)       (245.7, 173.85)
                      U7_banc_rc_gclk_14011__L2_I2               21.73       (111.51, 168.97)       (99.54, 178.73)
                                    U7_banc_g31617               21.57       (171.99, 159.21)       (178.92, 144.57)
                                     U7_banc_g5964               21.57       (229.95, 198.25)       (223.02, 212.89)
                                    U7_banc_g34538               21.57       (229.95, 208.01)       (236.88, 222.65)
                                    U7_banc_g31821               21.42       (256.41, 159.21)       (234.99, 159.21)
                      U7_banc_RC_CG_HIER_INST28/g7               21.26       (240.66, 159.21)       (257.04, 154.33)
                      U7_banc_RC_CG_HIER_INST22/g7               21.26       (220.5, 183.61)       (236.88, 188.49)
                                     U7_banc_g6020               20.94       (193.41, 154.33)       (187.11, 139.69)
                                    U7_banc_g32003               20.78       (219.87, 212.89)       (221.13, 232.41)
                                     U7_banc_g6013               20.47       (214.83, 154.33)       (204.12, 144.57)
                      U7_banc_rc_gclk_14026__L2_I0               20.47       (229.95, 168.97)       (240.66, 159.21)
                                    U7_banc_g31326               20.31       (240.03, 115.29)       (245.7, 100.65)
                      U7_banc_RC_CG_HIER_INST29/g7               19.84       (235.62, 159.21)       (245.7, 149.45)
                                     U7_banc_g6239               19.68       (198.45, 154.33)       (203.49, 139.69)
                                       U3_di_g7301               19.53       (624.96, 149.45)       (644.49, 149.45)
                                      clock__L3_I0               19.53       (421.47, 222.65)       (441, 222.65)
                      U7_banc_rc_gclk_14047__L2_I0               19.52       (226.17, 159.21)       (226.17, 139.69)
                                    U7_banc_g31631               19.52       (180.18, 159.21)       (180.18, 139.69)
                                    U7_banc_g31193               19.52       (206.64, 105.53)       (206.64, 86.01)
                                     U7_banc_g6241               19.52       (199.71, 149.45)       (199.71, 129.93)
                      U7_banc_rc_gclk_13990__L2_I1               19.21       (229.95, 173.85)       (239.4, 164.09)
                      U7_banc_RC_CG_HIER_INST23/g7               19.05       (200.34, 154.33)       (195.93, 139.69)
                                     U7_banc_g6252               19.05       (182.7, 183.61)       (187.11, 198.25)
                                   U8_syscop_g4528                18.9       (437.22, 222.65)       (456.12, 222.65)
                            U4_ex_add_178_53_g1436               18.27       (599.13, 149.45)       (617.4, 149.45)
                                             g2783               18.27       (611.1, 149.45)       (629.37, 149.45)
                      U7_banc_RC_CG_HIER_INST13/g7               18.11       (236.88, 144.57)       (250.11, 139.69)
                      U7_banc_rc_gclk_13990__L1_I0               17.79       (229.95, 159.21)       (226.8, 144.57)
                                     U7_banc_g6019               17.79       (212.94, 154.33)       (209.79, 139.69)
                                       U3_di_g7498               17.64       (628.74, 149.45)       (646.38, 149.45)
                                   U6_renvoi_g3706               17.48       (385.56, 100.65)       (372.96, 105.53)
                      U7_banc_RC_CG_HIER_INST34/g7               17.48       (210.42, 188.49)       (223.02, 193.37)
                                    U7_banc_g31596               17.32       (238.14, 217.77)       (245.7, 227.53)
                                    U7_banc_g31554               17.32       (210.42, 212.89)       (217.98, 222.65)
